10,136
10,262
10,204
10,6
10,200
10,266
10,308
10,150
11,11
11,12
9,6
9,4
8,5
8,10
8,11
8,6
8,17
55,5
55,4
55,3
55,2
55,1
55,0
52,4
52,3
52,2
52,1
52,0
50,11
50,10
50,9
50,8
50,7
50,6
50,5
50,4
50,3
50,2
50,1
50,0
49,5
49,4
49,3
49,2
49,1
49,0
46,5
46,4
46,3
46,2
46,1
46,0
43,8
43,7
43,6
43,5
43,4
43,3
43,2
43,1
43,0
27,7
27,6
27,5
27,4
27,1
20,3
20,2
20,1
19,3
19,2
19,1
14,5
14,4
12,3
12,2
12,1
11,28
11,23
11,21
11,19
11,14
11,9
11,6
11,4
11,3
11,2
11,1
10,287
10,253
18,1
10,247
10,231
18,3
10,177
10,167
10,161
14,1
10,101
10,3
14,3
13,1
10,2
10,1
9,7
9,5
9,3
13,3
9,2
9,1
8,18
8,14
8,13
8,12
8,7
